<?xml version="1.0"?>
<opencv_storage>
<cameraMatrixLeft type_id="opencv-matrix">
  <rows>3</rows>
  <cols>3</cols>
  <dt>d</dt>
  <data>
    4.0175605492563682e+02 0. 2.8096544329905470e+02 0.
    4.0422630925922562e+02 1.7782628052980564e+02 0. 0. 1.</data></cameraMatrixLeft>
<cameraMatrixRight type_id="opencv-matrix">
  <rows>3</rows>
  <cols>3</cols>
  <dt>d</dt>
  <data>
    4.1955125987060421e+02 0. 3.0856984040104970e+02 0.
    4.2195366687399280e+02 1.7645906879275967e+02 0. 0. 1.</data></cameraMatrixRight>
<optimalCameraMatrixLeft type_id="opencv-matrix">
  <rows>3</rows>
  <cols>3</cols>
  <dt>d</dt>
  <data>
    3.9716217041015625e+02 0. 2.7758894449718355e+02 0.
    4.0606332397460938e+02 1.7815568429036011e+02 0. 0. 1.</data></optimalCameraMatrixLeft>
<optimalCameraMatrixRight type_id="opencv-matrix">
  <rows>3</rows>
  <cols>3</cols>
  <dt>d</dt>
  <data>
    4.1680072021484375e+02 0. 3.1233727614688178e+02 0.
    4.2310629272460938e+02 1.7621634480265493e+02 0. 0. 1.</data></optimalCameraMatrixRight>
<distortionCoeffsLeft type_id="opencv-matrix">
  <rows>1</rows>
  <cols>5</cols>
  <dt>d</dt>
  <data>
    9.0589619588414758e-02 -3.3894499751435142e-01
    3.4676847596055100e-03 -4.5946863909698647e-03
    2.3643585465069450e-01</data></distortionCoeffsLeft>
<distortionCoeffsRight type_id="opencv-matrix">
  <rows>1</rows>
  <cols>5</cols>
  <dt>d</dt>
  <data>
    5.1370336674278982e-02 -2.0027019876120999e-01
    1.0763110043886743e-03 5.3335862729580819e-03 1.5666788274204074e-01</data></distortionCoeffsRight>
</opencv_storage>
