<?xml version="1.0"?>
<opencv_storage>
<rotationMatrixCommon type_id="opencv-matrix">
  <rows>3</rows>
  <cols>3</cols>
  <dt>d</dt>
  <data>
    9.9995013341944594e-01 5.1826843338476708e-03
    -8.5364194793749563e-03 -5.6812427185488042e-03
    9.9821486115859992e-01 -5.9454305506750404e-02
    8.2130478876662159e-03 5.9499838194845250e-02 9.9819452768444994e-01</data></rotationMatrixCommon>
<translationVector type_id="opencv-matrix">
  <rows>3</rows>
  <cols>1</cols>
  <dt>d</dt>
  <data>
    1.0295125342699237e+01 -4.0782367508397349e-01
    3.0897570119127535e+00</data></translationVector>
<essentialMatrix type_id="opencv-matrix">
  <rows>3</rows>
  <cols>3</cols>
  <dt>d</dt>
  <data>
    1.4204184152825742e-02 -3.1085068093398234e+00
    -2.2338800340109841e-01 3.0050485788467114e+00
    -5.9654505682521908e-01 -1.0302913240850902e+01
    3.4931423242207077e-01 1.0278860735944733e+01
    -6.1557088131926596e-01</data></essentialMatrix>
<fundamentalMatrix type_id="opencv-matrix">
  <rows>3</rows>
  <cols>3</cols>
  <dt>d</dt>
  <data>
    -1.6178165545219124e-07 3.5272990960568280e-05
    -4.2684567133320049e-03 -3.4190724084110578e-05
    6.7620368891023225e-06 6.0490415130687668e-02 4.2124753856508891e-03
    -6.6234563901482163e-02 1.</data></fundamentalMatrix>
</opencv_storage>
