<?xml version="1.0"?>
<opencv_storage>
<rotationMatrixCommon type_id="opencv-matrix">
  <rows>3</rows>
  <cols>3</cols>
  <dt>d</dt>
  <data>
    9.9999930304969731e-01 -9.9480813042807092e-04
    6.3581200309426587e-04 9.9004673436386319e-04 9.9997179077485687e-01
    7.4456337533881575e-03 -6.4320104432439087e-04
    -7.4449990805541266e-03 9.9997207875075544e-01</data></rotationMatrixCommon>
<translationVector type_id="opencv-matrix">
  <rows>3</rows>
  <cols>1</cols>
  <dt>d</dt>
  <data>
    2.0957679885470220e+01 2.8084842810785537e-01 1.6104874253005663e-01</data></translationVector>
<essentialMatrix type_id="opencv-matrix">
  <rows>3</rows>
  <cols>3</cols>
  <dt>d</dt>
  <data>
    -3.4008778387112538e-04 -1.6313511575885761e-01
    2.7964147651557175e-01 1.7452863187603748e-01 1.5586969487940938e-01
    -2.0956992324142966e+01 -2.6009914984000537e-01
    2.0957368075859552e+01 1.5586464194631999e-01</data></essentialMatrix>
<fundamentalMatrix type_id="opencv-matrix">
  <rows>3</rows>
  <cols>3</cols>
  <dt>d</dt>
  <data>
    7.9785262876130375e-08 3.8173154415597302e-05
    -3.6898249808999833e-02 -4.0800885267968980e-05
    -3.6344904551796275e-05 2.2674871047466758e+00
    3.4853123410992726e-02 -2.2434470529079191e+00 1.</data></fundamentalMatrix>
</opencv_storage>
