<?xml version="1.0"?>
<opencv_storage>
<rotationMatrixCommon type_id="opencv-matrix">
  <rows>3</rows>
  <cols>3</cols>
  <dt>d</dt>
  <data>
    9.9988457961537669e-01 -2.3508855659818795e-03
    -1.5010022799353141e-02 2.6063058343985348e-03
    9.9985175538378135e-01 1.7019824495824010e-02 1.4967785984541040e-02
    -1.7056980771130888e-02 9.9974247923637527e-01</data></rotationMatrixCommon>
<translationVector type_id="opencv-matrix">
  <rows>3</rows>
  <cols>1</cols>
  <dt>d</dt>
  <data>
    4.4358995374361223e+00 1.9164538664741534e-01
    -1.0355947790313704e+00</data></translationVector>
<essentialMatrix type_id="opencv-matrix">
  <rows>3</rows>
  <cols>3</cols>
  <dt>d</dt>
  <data>
    5.5675838469252540e-03 1.0321723660058741e+00 2.0922167536900632e-01
    -1.1018708452089292e+00 7.8097617930947383e-02
    -4.4192128999557276e+00 -1.8006195601795169e-01
    4.4356924755848670e+00 7.8374833231238270e-02</data></essentialMatrix>
<fundamentalMatrix type_id="opencv-matrix">
  <rows>3</rows>
  <cols>3</cols>
  <dt>d</dt>
  <data>
    3.0803163846949394e-06 5.6855695760773151e-04
    -4.5401845388228182e-02 -6.0595598764159951e-04
    4.2760361468692811e-05 -8.8902277659048812e-01
    5.3930305110588023e-02 8.8628997318767644e-01 1.</data></fundamentalMatrix>
</opencv_storage>
