<?xml version="1.0"?>
<opencv_storage>
<rotationMatrixCommon type_id="opencv-matrix">
  <rows>3</rows>
  <cols>3</cols>
  <dt>d</dt>
  <data>
    9.9991007022716838e-01 6.1282083331202115e-03 1.1928810541086658e-02
    -5.9466114113690977e-03 9.9986679327041039e-01
    -1.5199787099448284e-02 -1.2020369005211072e-02
    1.5127484185159660e-02 9.9981331755043468e-01</data></rotationMatrixCommon>
<translationVector type_id="opencv-matrix">
  <rows>3</rows>
  <cols>1</cols>
  <dt>d</dt>
  <data>
    -3.5690119521975767e+01 2.2378890004895915e+00
    -1.3533485474641081e+01</data></translationVector>
<essentialMatrix type_id="opencv-matrix">
  <rows>3</rows>
  <cols>3</cols>
  <dt>d</dt>
  <data>
    -1.0737863073768646e-01 1.3565536353764104e+01
    2.0317651279611044e+00 -1.3961276817860963e+01
    4.5696570017328964e-01 3.5522018418850585e+01
    -2.0254524756176471e+00 -3.5699079607896984e+01
    5.1578686438907251e-01</data></essentialMatrix>
<fundamentalMatrix type_id="opencv-matrix">
  <rows>3</rows>
  <cols>3</cols>
  <dt>d</dt>
  <data>
    7.7736230283834176e-07 -9.7798184435770097e-05
    9.6422498674764313e-03 1.0060932516005648e-04
    -3.2793283930640154e-06 -1.4713535988961013e-01
    -1.1632192395291768e-02 1.4561221969666166e-01 1.</data></fundamentalMatrix>
</opencv_storage>
