<?xml version="1.0"?>
<opencv_storage>
<rotationMatrixCommon type_id="opencv-matrix">
  <rows>3</rows>
  <cols>3</cols>
  <dt>d</dt>
  <data>
    9.9994876362810325e-01 8.5014584251901608e-03
    -5.4950271402773457e-03 -8.4945337371220321e-03
    9.9996309863748922e-01 1.2822869803330193e-03 5.5057256757413018e-03
    -1.2355435871709169e-03 9.9998408008169193e-01</data></rotationMatrixCommon>
<translationVector type_id="opencv-matrix">
  <rows>3</rows>
  <cols>1</cols>
  <dt>d</dt>
  <data>
    1.2111730341186695e+01 7.6023112632119305e-02 2.5974908976617268e-02</data></translationVector>
<essentialMatrix type_id="opencv-matrix">
  <rows>3</rows>
  <cols>3</cols>
  <dt>d</dt>
  <data>
    6.3920714378898152e-04 -2.6067880336374322e-02
    7.5988595062780620e-02 -4.0710286600605584e-02
    1.5185395361359452e-02 -1.2111680256258886e+01
    -1.7890271948178266e-01 1.2110637094503346e+01
    1.5948463193009951e-02</data></essentialMatrix>
<fundamentalMatrix type_id="opencv-matrix">
  <rows>3</rows>
  <cols>3</cols>
  <dt>d</dt>
  <data>
    1.6372748647438368e-08 -6.6484716526314419e-07
    1.0046641006635016e-03 -1.0394444531042568e-06
    3.8606404594430601e-07 -1.4183148300261761e-01
    -1.9244718364637571e-03 1.4196090158771124e-01 1.</data></fundamentalMatrix>
</opencv_storage>
