<?xml version="1.0"?>
<opencv_storage>
<rotationMatrixCommon type_id="opencv-matrix">
  <rows>3</rows>
  <cols>3</cols>
  <dt>d</dt>
  <data>
    9.9999512613274311e-01 -2.0724585356622222e-03
    -2.3350859464057214e-03 1.9808111510419028e-03
    9.9925319263578272e-01 -3.8589291187828625e-02
    2.4133167929322416e-03 3.8584477744464551e-02 9.9925242755734334e-01</data></rotationMatrixCommon>
<translationVector type_id="opencv-matrix">
  <rows>3</rows>
  <cols>1</cols>
  <dt>d</dt>
  <data>
    1.2403561200596862e+01 1.2424046946979256e-01 7.8946565299475768e-01</data></translationVector>
<essentialMatrix type_id="opencv-matrix">
  <rows>3</rows>
  <cols>3</cols>
  <dt>d</dt>
  <data>
    -1.2639507574833577e-03 -7.8408232060208549e-01
    1.5461251068475820e-01 7.5952808270639793e-01
    -4.8022106592769476e-01 -1.2396132110203968e+01
    -9.9670751599463467e-02 1.2394555612971162e+01
    -4.7835452276165175e-01</data></essentialMatrix>
<fundamentalMatrix type_id="opencv-matrix">
  <rows>3</rows>
  <cols>3</cols>
  <dt>d</dt>
  <data>
    2.1640861931917799e-08 1.3289573875249954e-05
    -3.3825143711409388e-03 -1.2910128481032957e-05
    8.0804013051181329e-06 1.0204080278419181e-01 3.0543367138249054e-03
    -1.0605645066354233e-01 1.</data></fundamentalMatrix>
</opencv_storage>
