<?xml version="1.0"?>
<opencv_storage>
<rotationMatrixCommon type_id="opencv-matrix">
  <rows>3</rows>
  <cols>3</cols>
  <dt>d</dt>
  <data>
    9.9993796489304720e-01 -8.0487472698860026e-03
    -7.6996125186062385e-03 8.1059113618062121e-03
    9.9993960141546068e-01 7.4221103524682525e-03 7.6394087824723867e-03
    -7.4840622976548024e-03 9.9994281248728378e-01</data></rotationMatrixCommon>
<translationVector type_id="opencv-matrix">
  <rows>3</rows>
  <cols>1</cols>
  <dt>d</dt>
  <data>
    -1.0530828176134952e+01 -2.1541014130172975e-01
    -8.6556556118094929e-01</data></translationVector>
<essentialMatrix type_id="opencv-matrix">
  <rows>3</rows>
  <cols>3</cols>
  <dt>d</dt>
  <data>
    5.3705915914707752e-03 8.6712542516327684e-01
    -2.0897349941915375e-01 -7.8506256447331380e-01
    -7.1846655668629966e-02 1.0536890463695260e+01
    1.3003481854841409e-01 -1.0531925910805795e+01
    -7.9819543446757124e-02</data></essentialMatrix>
<fundamentalMatrix type_id="opencv-matrix">
  <rows>3</rows>
  <cols>3</cols>
  <dt>d</dt>
  <data>
    7.8335091322671315e-07 1.2581552076640530e-04
    -3.6296130388181642e-02 -1.1380850999352918e-04
    -1.0360843142956349e-05 7.5940119901061032e-01
    2.7818685290968932e-02 -7.5277786126986135e-01
    9.9999999999999989e-01</data></fundamentalMatrix>
</opencv_storage>
