<?xml version="1.0"?>
<opencv_storage>
<cameraMatrixLeft type_id="opencv-matrix">
  <rows>3</rows>
  <cols>3</cols>
  <dt>d</dt>
  <data>
    4.5946873808078647e+02 0. 3.1131154411317237e+02 0.
    4.6144488850762150e+02 1.7366217775369202e+02 0. 0. 1.</data></cameraMatrixLeft>
<cameraMatrixRight type_id="opencv-matrix">
  <rows>3</rows>
  <cols>3</cols>
  <dt>d</dt>
  <data>
    4.5915526075039111e+02 0. 3.1256882453427068e+02 0.
    4.6061959912004926e+02 1.7768899047969711e+02 0. 0. 1.</data></cameraMatrixRight>
<optimalCameraMatrixLeft type_id="opencv-matrix">
  <rows>3</rows>
  <cols>3</cols>
  <dt>d</dt>
  <data>
    4.7149392700195312e+02 0. 3.1196350809346222e+02 0.
    4.7340435791015625e+02 1.7400605736818579e+02 0. 0. 1.</data></optimalCameraMatrixLeft>
<optimalCameraMatrixRight type_id="opencv-matrix">
  <rows>3</rows>
  <cols>3</cols>
  <dt>d</dt>
  <data>
    4.7160720825195312e+02 0. 3.1311588795279022e+02 0.
    4.7302111816406250e+02 1.7817340165912901e+02 0. 0. 1.</data></optimalCameraMatrixRight>
<distortionCoeffsLeft type_id="opencv-matrix">
  <rows>1</rows>
  <cols>5</cols>
  <dt>d</dt>
  <data>
    1.8629696505518267e-01 -5.5692048968114427e-01
    1.6537241599803346e-03 7.3043831337572330e-04 5.2639406179044201e-01</data></distortionCoeffsLeft>
<distortionCoeffsRight type_id="opencv-matrix">
  <rows>1</rows>
  <cols>5</cols>
  <dt>d</dt>
  <data>
    1.9070694712140615e-01 -6.2972493601263091e-01
    2.3086379748493511e-03 4.5230794203978986e-04 6.3974957006056388e-01</data></distortionCoeffsRight>
</opencv_storage>
