<?xml version="1.0"?>
<opencv_storage>
<cameraMatrixLeft type_id="opencv-matrix">
  <rows>3</rows>
  <cols>3</cols>
  <dt>d</dt>
  <data>
    4.5608722179318949e+02 0. 3.1337525137361212e+02 0.
    4.5909799189335314e+02 1.7647885821214840e+02 0. 0. 1.</data></cameraMatrixLeft>
<optimalCameraMatrixLeft type_id="opencv-matrix">
  <rows>3</rows>
  <cols>3</cols>
  <dt>d</dt>
  <data>
    4.6189301955191331e+02 0. 3.1459278104525879e+02 0.
    4.6307879003474955e+02 1.7637059698993448e+02 0. 0. 1.</data></optimalCameraMatrixLeft>
<distortionCoeffsLeft type_id="opencv-matrix">
  <rows>1</rows>
  <cols>5</cols>
  <dt>d</dt>
  <data>
    1.8511859887364884e-01 -6.4670263142014606e-01
    1.1803828164296108e-03 2.3779903345181081e-03 6.6838367258371678e-01</data></distortionCoeffsLeft>
</opencv_storage>
