<?xml version="1.0"?>
<opencv_storage>
<cameraMatrixLeft type_id="opencv-matrix">
  <rows>3</rows>
  <cols>3</cols>
  <dt>d</dt>
  <data>
    4.6473884590816579e+02 0. 3.0966498861046944e+02 0.
    4.6814799443777872e+02 1.6264227068972022e+02 0. 0. 1.</data></cameraMatrixLeft>
<cameraMatrixRight type_id="opencv-matrix">
  <rows>3</rows>
  <cols>3</cols>
  <dt>d</dt>
  <data>
    4.6596170480709628e+02 0. 3.1202794689161340e+02 0.
    4.6894351896610181e+02 1.7441400392485005e+02 0. 0. 1.</data></cameraMatrixRight>
<optimalCameraMatrixLeft type_id="opencv-matrix">
  <rows>3</rows>
  <cols>3</cols>
  <dt>d</dt>
  <data>
    4.7152398681640625e+02 0. 3.0847279912570593e+02 0.
    4.7631997680664062e+02 1.6009647324159232e+02 0. 0. 1.</data></optimalCameraMatrixLeft>
<optimalCameraMatrixRight type_id="opencv-matrix">
  <rows>3</rows>
  <cols>3</cols>
  <dt>d</dt>
  <data>
    4.7838296508789062e+02 0. 3.1256060405865173e+02 0.
    4.8187387084960938e+02 1.7387350479751967e+02 0. 0. 1.</data></optimalCameraMatrixRight>
<distortionMatrixLeft type_id="opencv-matrix">
  <rows>1</rows>
  <cols>5</cols>
  <dt>d</dt>
  <data>
    1.4862713834690466e-01 -2.8261741159048670e-01
    -7.6681268834213855e-03 4.7474839138483038e-06
    7.2478211617368365e-02</data></distortionMatrixLeft>
<distortionMatrixRight type_id="opencv-matrix">
  <rows>1</rows>
  <cols>5</cols>
  <dt>d</dt>
  <data>
    1.9289247048504674e-01 -6.1039012837806172e-01
    -5.8582150334637829e-04 4.6574437802660696e-04
    6.1627836110365153e-01</data></distortionMatrixRight>
</opencv_storage>
