<?xml version="1.0"?>
<opencv_storage>
<cameraMatrixLeft type_id="opencv-matrix">
  <rows>3</rows>
  <cols>3</cols>
  <dt>d</dt>
  <data>
    4.5378292611188272e+02 0. 3.1339092702274024e+02 0.
    4.5567997411603437e+02 1.6933340183327581e+02 0. 0. 1.</data></cameraMatrixLeft>
<cameraMatrixRight type_id="opencv-matrix">
  <rows>3</rows>
  <cols>3</cols>
  <dt>d</dt>
  <data>
    4.4542007160582409e+02 0. 3.1076412098246738e+02 0.
    4.4746832699252144e+02 1.7813342167628136e+02 0. 0. 1.</data></cameraMatrixRight>
<optimalCameraMatrixLeft type_id="opencv-matrix">
  <rows>3</rows>
  <cols>3</cols>
  <dt>d</dt>
  <data>
    4.6090936279296875e+02 0. 3.1475665751029373e+02 0.
    4.6329986572265625e+02 1.6928810779362720e+02 0. 0. 1.</data></optimalCameraMatrixLeft>
<optimalCameraMatrixRight type_id="opencv-matrix">
  <rows>3</rows>
  <cols>3</cols>
  <dt>d</dt>
  <data>
    4.4837539672851562e+02 0. 3.1092470459402648e+02 0.
    4.5179916381835938e+02 1.7771738469026786e+02 0. 0. 1.</data></optimalCameraMatrixRight>
<distortionCoeffsLeft type_id="opencv-matrix">
  <rows>1</rows>
  <cols>5</cols>
  <dt>d</dt>
  <data>
    1.5478672575419647e-01 -5.1741059697615943e-01
    3.5427864051581408e-04 1.9640399989936802e-03 4.9092769266304348e-01</data></distortionCoeffsLeft>
<distortionCoeffsRight type_id="opencv-matrix">
  <rows>1</rows>
  <cols>5</cols>
  <dt>d</dt>
  <data>
    1.2467139972738768e-01 -3.7763507896382181e-01
    3.1534969052105546e-04 5.1699594486327336e-04 3.1081106936971570e-01</data></distortionCoeffsRight>
</opencv_storage>
