<?xml version="1.0"?>
<opencv_storage>
<cameraMatrixLeft type_id="opencv-matrix">
  <rows>3</rows>
  <cols>3</cols>
  <dt>d</dt>
  <data>
    4.5260187351333587e+02 0. 3.1223661869487518e+02 0.
    4.5424631671160614e+02 1.7474975080337904e+02 0. 0. 1.</data></cameraMatrixLeft>
<optimalCameraMatrixLeft type_id="opencv-matrix">
  <rows>3</rows>
  <cols>3</cols>
  <dt>d</dt>
  <data>
    4.5910421752929688e+02 0. 3.1271455030580546e+02 0.
    4.6083276367187500e+02 1.7462544781842007e+02 0. 0. 1.</data></optimalCameraMatrixLeft>
<distortionCoeffsLeft type_id="opencv-matrix">
  <rows>1</rows>
  <cols>5</cols>
  <dt>d</dt>
  <data>
    1.5906816638016361e-01 -5.1260239514969774e-01
    5.5844785409938844e-04 6.1062284352289434e-04 4.6913330950910964e-01</data></distortionCoeffsLeft>
</opencv_storage>
