<?xml version="1.0"?>
<opencv_storage>
<cameraMatrixLeft type_id="opencv-matrix">
  <rows>3</rows>
  <cols>3</cols>
  <dt>d</dt>
  <data>
    4.2621056829446843e+02 0. 3.0379239483464426e+02 0.
    4.3052879888465225e+02 1.5348495669692082e+02 0. 0. 1.</data></cameraMatrixLeft>
<cameraMatrixRight type_id="opencv-matrix">
  <rows>3</rows>
  <cols>3</cols>
  <dt>d</dt>
  <data>
    4.6091070530810151e+02 0. 3.1014097992630923e+02 0.
    4.6193309505630015e+02 1.7575399208873804e+02 0. 0. 1.</data></cameraMatrixRight>
<optimalCameraMatrixLeft type_id="opencv-matrix">
  <rows>3</rows>
  <cols>3</cols>
  <dt>d</dt>
  <data>
    4.3656866455078125e+02 0. 3.0285044766642750e+02 0.
    4.3820272827148438e+02 1.5389184186396869e+02 0. 0. 1.</data></optimalCameraMatrixLeft>
<optimalCameraMatrixRight type_id="opencv-matrix">
  <rows>3</rows>
  <cols>3</cols>
  <dt>d</dt>
  <data>
    4.6406011962890625e+02 0. 3.0957769242943323e+02 0.
    4.6454782104492188e+02 1.7574055026451060e+02 0. 0. 1.</data></optimalCameraMatrixRight>
<distortionMatrixLeft type_id="opencv-matrix">
  <rows>1</rows>
  <cols>5</cols>
  <dt>d</dt>
  <data>
    1.9006449586867796e-01 -4.8732197810632394e-01
    1.6009006613396191e-03 -1.3876280827406510e-03
    4.1432775778694336e-01</data></distortionMatrixLeft>
<distortionMatrixRight type_id="opencv-matrix">
  <rows>1</rows>
  <cols>5</cols>
  <dt>d</dt>
  <data>
    1.5365920476170342e-01 -3.5401538915079528e-01
    1.1758929918392550e-03 4.6014950316491937e-04 2.0957990237187191e-01</data></distortionMatrixRight>
</opencv_storage>
