<?xml version="1.0"?>
<opencv_storage>
<optimalCameraMatrix type_id="opencv-matrix">
  <rows>3</rows>
  <cols>3</cols>
  <dt>d</dt>
  <data>
    4.5260187351333587e+02 0. 3.1223661869487518e+02 0.
    4.5424631671160614e+02 1.7474975080337904e+02 0. 0. 1.</data></optimalCameraMatrix>
</opencv_storage>
