<?xml version="1.0"?>
<opencv_storage>
<cameraMatrix type_id="opencv-matrix">
  <rows>3</rows>
  <cols>3</cols>
  <dt>d</dt>
  <data>
    4.5190753789984825e+02 0. 3.1241450482099401e+02 0.
    4.5462854785793559e+02 1.7650839548483151e+02 0. 0. 1.</data></cameraMatrix>
<optimalCameraMatrix type_id="opencv-matrix">
  <rows>3</rows>
  <cols>3</cols>
  <dt>d</dt>
  <data>
    4.5924551391601562e+02 0. 3.1324074333407589e+02 0.
    4.6224752807617188e+02 1.7661586093747883e+02 0. 0. 1.</data></optimalCameraMatrix>

</opencv_storage>
