<?xml version="1.0"?>
<opencv_storage>
<optimalCameraMatrix type_id="opencv-matrix">
  <rows>3</rows>
  <cols>3</cols>
  <dt>d</dt>
  <data>
    4.4419790598800120e+02 0. 3.1450338079902417e+02 0.
    4.4577493678174011e+02 1.7550729904829510e+02 0. 0. 1.</data></optimalCameraMatrix>
</opencv_storage>
